            1            1        0.008           83            0            1            1
       21.737     2351.549       13.914       17.640
    15733.516    15176.886    -5902.400     1212.640      956.158     -485.270
       11.737       34.812      -22.662        8.314        4.098
      830.395      172.600      -66.048    15735.587    15174.696    -5892.053
        3.674       -0.801        9.750     2351.549       -0.000
        0.000        0.000       20.800       21.646       21.646
       95.687     -117.591     -173.041       33.850       27.770      339.652
        0.804        0.571       -0.167        3.833       -5.176       -7.301
       52.448       10.633        5.117        1.615      162.429      122.868
       -0.594        0.758       -0.270       -0.028            0            0
            2            1        0.008           83            0            1            1
       21.732     2350.526       11.796       17.640
    15736.983    15181.236    -5899.677     1220.714      958.162     -441.601
       19.938       38.170       51.072        1.740        0.915
      830.386      172.600      -66.047    15737.263    15178.484    -5891.840
        2.539       -0.646        7.130     2350.526       -0.001
        0.000        0.000       20.800       21.680       21.680
      226.049     -167.894      108.812       40.456       34.321      339.035
        0.739        0.618       -0.268       -4.884        0.962      -17.517
      -27.501       10.796       -2.635      -12.997       80.678       42.512
       -0.100        0.494        0.864        0.666            0            0
            3            1        0.008           83            0            1            1
       21.726     2361.739       13.545       17.680
    15740.269    15184.590    -5896.706     1233.171      962.855     -438.840
       20.380       35.481      -22.144        1.070        2.117
      830.375      172.600      -66.045    15739.261    15183.043    -5891.575
        0.930        0.190        4.514     2361.739       -0.000
        0.000        0.000       20.840       21.684       21.684
      145.247     -116.896       38.371       33.957       27.937      339.307
        0.763        0.580       -0.284        0.848       -1.980       -5.698
       43.275       13.118       -1.721      -15.523      139.344      104.497
       -0.635        0.754       -0.166        0.117            0            0
            4            1        0.008           83            0            1            1
       21.723     2360.432       12.661       17.640
    15742.780    15187.952    -5880.711     1257.286      948.296     -395.344
       26.044       31.571     -110.934        8.268        0.203
      830.370      172.600      -66.044    15740.263    15185.319    -5891.445
       -0.985       -1.388      -11.190     2360.432       -0.000
        0.000        0.000       20.760       21.633       21.633
      245.842     -223.017      -63.109       39.883       33.797      338.644
        0.765        0.524       -0.374       -2.320        3.683        6.710
      120.921       14.733       -3.388       -0.238       -8.895        0.663
       -0.242       -0.304       -0.921       -0.596            0            0
            5            1        0.008           83            0            1            1
       21.726     2352.229       19.839       17.720
    15741.395    15185.345    -5894.336     1246.436      936.052     -444.973
       24.505       28.985     -182.297        7.510        5.686
      830.375      172.600      -66.045    15739.248    15183.047    -5891.566
        0.432        0.067        1.986     2352.229       -0.001
        0.000        0.000       20.800       21.705       21.705
      190.231     -153.890       42.764       49.366       42.959      339.039
        0.796        0.485       -0.363        3.410       -5.403      -10.706
      198.972       19.398       -2.616      -18.161      -89.707      -98.653
        0.457       -0.874       -0.164       -0.397            0            0
            6            1        0.008           83            0            1            1
       21.731     2354.949       16.187       17.680
    15737.330    15181.198    -5897.079     1223.666      960.110     -447.690
       26.117       36.183     -156.124        4.858        5.202
      830.385      172.600      -66.047    15737.583    15179.253    -5891.789
        1.856       -0.567        4.744     2354.949       -0.000
        0.000        0.000       20.840       21.691       21.691
      162.571     -121.101       87.527       41.329       35.339      339.626
        0.725        0.590       -0.355       -3.656        0.658      -12.924
      173.815       13.916       -6.048       22.890     -153.672     -113.494
        0.307       -0.738       -0.601       -0.617            0            0
            7            1        0.008           83            0            1            1
       21.733     2363.446       14.768       17.680
    15738.885    15180.989    -5892.716     1250.568      957.252     -402.292
       14.551       30.990     -238.321        5.777        5.743
      830.388      172.600      -66.047    15736.923    15177.731    -5891.879
        0.773       -0.694        0.098     2363.446       -0.001
        0.000        0.000       20.800       21.723       21.723
      189.219     -152.931       43.527        0.000        0.000      340.414
        0.830        0.515       -0.215       -0.287        0.133       -0.628
     -100.302       14.551        4.041        5.965       42.380       43.556
        0.476       -0.450        0.756        0.292            0            0
            8            1        0.008           83            0            1            1
       21.719     2356.240       20.565       17.680
    15740.870    15191.743    -5890.457     1243.679      941.497     -456.034
       34.244       29.239     -140.268       13.402        5.947
      830.362      172.600      -66.043    15741.599    15188.354    -5891.271
        2.122       -2.287       -1.309     2356.240       -0.000
        0.000        0.000       20.800       21.688       21.688
      141.976     -142.192      -79.304       49.540       43.339      338.514
        0.721        0.488       -0.491       -3.772        1.379       -9.746
      150.950       19.191      -10.260      -25.002      -17.600      -37.493
       -0.049       -0.671       -0.740       -0.691            0            0
            9            1        0.008           83            0            1            1
       21.734     2345.383       12.231       17.680
    15738.911    15178.247    -5898.679     1245.526      924.498     -457.038
       21.403       39.056       41.403        4.305        0.964
      830.390      172.600      -66.047    15736.589    15176.973    -5891.923
        0.329        1.149        5.931     2345.383       -0.001
        0.000        0.000       20.840       21.684       21.684
      283.475     -227.334       63.548       37.319       31.407      339.635
        0.723        0.630       -0.283       -4.904        1.490      -14.474
      -19.992        9.891       -3.745        6.436       46.190       28.380
       -0.199        0.582        0.788        0.662            0            0
           10            1        0.008           83            0            1            1
       21.729     2340.720       21.623       17.680
    15737.906    15183.881    -5899.260     1220.101      943.318     -449.794
       24.481       30.711     -208.148        6.330        5.217
      830.381      172.600      -66.046    15738.259    15180.767    -5891.706
        2.746       -0.885        6.798     2340.720       -0.001
        0.000        0.000       20.840       21.659       21.659
      181.471     -125.372      135.710       51.075       45.335      339.059
        0.782        0.511       -0.356       -2.242       -1.865      -20.021
      225.204       18.720       -4.256       -3.314      -83.141      -59.296
        0.605       -0.758        0.243       -0.146            0            0
           11            1        0.008           83            0            1            1
       21.748     2335.350       18.650       17.680
    15735.076    15165.760    -5895.172     1215.846      958.408     -361.677
      -11.976       39.319       84.480       22.450        6.129
      830.416      172.600      -66.051    15731.913    15166.350    -5892.531
       -1.639        1.890        2.215     2335.350       -0.000
        0.000        0.000       20.840       21.711       21.711
      142.159     -129.747      -47.941       48.857       42.602      340.289
        0.757        0.634        0.161        6.647       -0.305       23.775
      -47.579        0.021       18.482      -27.134       -6.772      -33.879
       -0.266        0.074        0.961        0.597            0            0
           12            1        0.008           83            0            1            1
       21.729     2354.181       15.787       17.720
    15741.850    15180.660    -5891.301     1227.886      959.840     -427.359
       38.476       46.502      -65.466       17.535        6.221
      830.381      172.600      -66.046    15738.246    15180.771    -5891.697
       -1.937        1.553       -0.931     2354.181       -0.000
        0.000        0.000       20.860       21.705       21.705
      212.863     -167.500       67.279       28.428       22.438      339.244
        0.539        0.725       -0.428       -6.158        3.713       -9.845
       73.028        5.970      -14.889        2.494       14.563       15.208
       -0.802        0.286       -0.525       -0.258            0            0
           13            1        0.008           83            0            1            1
       21.736     2345.257       18.384       17.680
    15735.282    15179.557    -5898.515     1203.527      963.717     -452.988
       30.180       35.242     -102.764        7.887        0.031
      830.394      172.600      -66.048    15735.913    15175.459    -5892.006
        3.248       -1.550        5.679     2345.257       -0.001
        0.000        0.000       20.840       21.684       21.684
      150.104      -94.515      154.116       51.619       45.567      339.660
        0.706        0.577       -0.411       -4.703        0.803      -17.295
      119.233       16.138       -8.701       -9.223     -166.721     -158.948
       -0.380       -0.180       -0.907       -0.598            0            0
           14            1        0.008           83            0            1            1
       21.726     2359.982       11.262       17.640
    15742.167    15181.864    -5894.698     1231.162      958.614     -454.444
       24.089       41.535       -5.773        6.157        0.426
      830.375      172.600      -66.045    15739.261    15183.043    -5891.575
       -1.661        2.152        2.665     2359.982       -0.000
        0.000        0.000       20.800       21.694       21.694
      176.492     -163.979      -65.389       36.856       30.545      339.543
        0.683        0.663       -0.306       -2.006       -0.206       -9.101
       25.581        9.002       -4.407       22.442       14.687       34.098
       -0.643        0.745        0.177        0.345            0            0
           15            1        0.008           83            0            1            1
       21.733     2347.153       23.606       17.680
    15736.555    15179.510    -5896.874     1224.835      947.451     -451.281
       28.001       27.501     -171.575       10.738        5.802
      830.388      172.600      -66.047    15736.915    15177.735    -5891.875
        1.810       -0.581        4.488     2347.153       -0.000
        0.000        0.000       20.840       21.694       21.694
      135.963     -100.340       77.934       53.733       47.682      339.201
        0.783        0.462       -0.416        1.036       -3.730      -13.617
      187.063       22.334       -5.592       -2.516     -111.737      -98.621
        0.335       -0.877       -0.344       -0.524            0            0
           16            1        0.008           83            0            1            1
       21.736     2353.654       16.930       17.680
    15736.908    15176.223    -5900.321     1232.629      952.602     -437.184
       11.288       31.849       80.264        8.028        5.521
      830.394      172.600      -66.048    15735.913    15175.459    -5892.006
        0.918        0.932        7.707     2353.654       -0.000
        0.000        0.000       20.780       21.666       21.666
      142.483     -111.632       49.503       54.253       47.913      339.091
        0.833        0.528       -0.166        1.721       -3.689      -10.013
      -53.646       14.347        5.926       -0.755       -9.921        1.363
        0.105        0.144        0.984        0.543            0            0
           17            1        0.008           83            0            1            1
       21.730     2361.525       13.904       17.680
    15739.375    15183.037    -5896.084     1221.864      964.768     -472.399
       14.703       33.285     -140.867        6.115        1.694
      830.383      172.600      -66.046    15737.925    15180.008    -5891.749
        1.326       -0.343        3.434     2361.525       -0.001
        0.000        0.000       20.840       21.698       21.698
       89.250     -110.023     -158.902       28.303       22.274      339.263
        0.809        0.549       -0.212        2.168       -2.444       -2.039
      167.597       12.629        5.098        4.047     -142.145     -121.133
        0.252       -0.648       -0.719       -0.532            0            0
           18            1        0.008           83            0            1            1
       21.759     2342.548       19.725       17.720
    15727.084    15162.354    -5900.173     1202.495      964.512     -437.704
       23.652       32.469     -192.902        5.437        5.491
      830.436      172.600      -66.054    15728.222    15158.006    -5892.995
        3.710       -1.847        6.389     2342.548       -0.001
        0.000        0.000       20.800       21.698       21.698
      204.099     -140.965      137.565       55.766       49.384      338.963
        0.773        0.537       -0.338       -4.237        0.221      -18.669
      211.776       16.846       -3.606       15.113     -106.599      -62.932
        0.569       -0.822       -0.005       -0.281            0            0
           19            1        0.008           83            0            1            1
       21.727     2363.902       13.318       17.640
    15739.521    15185.676    -5893.012     1241.537      961.286     -425.059
       11.734       32.667     -195.020        6.894        0.732
      830.377      172.600      -66.046    15738.927    15182.284    -5891.619
        1.643       -1.344        0.727     2363.902       -0.001
        0.000        0.000       20.840       21.705       21.705
      183.849     -157.818       -6.288       27.583       21.411      339.305
        0.824        0.540       -0.171        5.150       -3.999        2.953
      220.657       11.570        6.192       26.647      -41.004      -12.470
        0.563       -0.813        0.148       -0.059            0            0
           20            1        0.008           83            0            1            1
       21.727     2362.678       16.721       17.720
    15737.918    15187.239    -5893.414     1213.161      977.760     -457.542
       29.898       33.787     -127.632        8.186        6.078
      830.377      172.600      -66.046    15738.914    15182.288    -5891.610
        3.329       -2.717        1.047     2362.678       -0.001
        0.000        0.000       20.840       21.692       21.692
      122.522     -105.861        1.261       36.858       30.800      339.678
        0.720        0.556       -0.414       -2.072       -0.050       -8.699
      143.803       15.438       -7.131      -14.137      -88.499      -86.783
       -0.100       -0.507       -0.856       -0.686            0            0
           21            1        0.008           83            0            1            1
       21.725     2358.953       13.939       17.640
    15736.011    15188.694    -5900.173     1224.451      962.219     -458.931
       17.404       34.537     -203.616        3.135        0.527
      830.373      172.600      -66.045    15739.601    15183.796    -5891.536
        5.562       -3.111        7.979     2358.953       -0.000
        0.000        0.000       20.760       21.649       21.649
      185.985     -161.266      -11.783       49.503       43.205      339.031
        0.786        0.567       -0.246       -0.708       -1.842      -11.349
      228.413       12.037        0.577        7.397      -84.314      -41.639
        0.616       -0.755        0.227       -0.057            0            0
           22            1        0.008           83            0            1            1
       21.721     2353.819       25.520       17.680
    15738.064    15192.529    -5893.353     1218.560      960.292     -459.448
       27.398       21.763     -191.415       15.770        5.729
      830.366      172.600      -66.044    15740.931    15186.837    -5891.358
        4.766       -3.978        1.353     2353.819       -0.000
        0.000        0.000       20.780       21.671       21.671
      125.609     -104.349       21.458       54.338       47.986      339.278
        0.825        0.371       -0.427       -0.480       -2.457      -13.588
      208.537       25.532       -2.711      -17.292      -12.736      -16.295
        0.414       -0.910        0.008       -0.386            0            0
           23            1        0.008           83            0            1            1
       21.727     2356.079       15.189       17.680
    15731.678    15189.193    -5901.575     1229.046      960.232     -432.435
        5.050       25.906     -214.220       16.104        0.204
      830.377      172.600      -66.046    15738.927    15182.284    -5891.619
        8.670       -5.739        9.476     2356.079       -0.000
        0.000        0.000       20.800       21.618       21.618
      139.260     -113.349       32.924       35.237       29.472      338.751
        0.896        0.437       -0.079        8.524       -8.694       -4.903
      245.027       14.078       12.296       -6.398       10.753      -11.758
        0.409       -0.744        0.528        0.172            0            0
           24            1        0.008           83            0            1            1
       21.729     2358.378       12.704       17.680
    15733.673    15186.234    -5904.355     1216.969      970.469     -449.266
       10.971       34.931     -218.299        7.755        0.612
      830.381      172.600      -66.046    15738.251    15180.771    -5891.702
        6.836       -3.332       11.932     2358.378       -0.001
        0.000        0.000       20.800       21.647       21.647
      138.968     -108.571       52.663       32.428       26.378      339.273
        0.805        0.573       -0.156       -0.169       -1.745       -8.838
      248.005       10.466        4.478        5.587      -73.417      -28.836
        0.559       -0.643        0.523        0.199            0            0
           25            1        0.008           83            0            1            1
       21.723     2359.885       17.740       17.640
    15739.265    15188.508    -5894.736     1221.321      967.707     -453.069
       28.991       34.000     -137.361        7.513        5.854
      830.370      172.600      -66.044    15740.269    15185.313    -5891.449
        2.657       -1.748        2.721     2359.885       -0.000
        0.000        0.000       20.800       21.685       21.685
      184.751     -153.910       17.076       42.802       36.473      339.409
        0.725        0.559       -0.402       -2.034       -0.282       -9.966
      153.481       15.684       -7.252       -2.800     -118.816     -104.957
        0.032       -0.610       -0.792       -0.688            0            0
           26            1        0.008           83            0            1            1
       21.732     2313.598       33.846       17.680
    15735.729    15182.849    -5889.386     1222.662      899.892     -463.134
       39.571       16.367     -149.214       24.791        6.134
      830.386      172.600      -66.047    15737.257    15178.490    -5891.836
        2.818       -3.386       -2.931     2313.598       -0.000
        0.000        0.000       20.800       21.684       21.684
      237.410     -198.225       17.420       76.887       70.625      339.425
        0.740        0.282       -0.611        3.596       -7.852      -22.534
      157.926       32.134      -12.316      -10.441      -10.939      -17.293
       -0.139       -0.824       -0.549       -0.658            0            0
           27            1        0.008           83            0            1            1
       21.731     2358.679       13.407       17.680
    15735.793    15181.896    -5898.016     1220.854      966.399     -453.486
       19.991       37.350     -224.645        0.834        1.981
      830.385      172.600      -66.047    15737.583    15179.253    -5891.789
        3.172       -1.497        5.731     2358.679       -0.000
        0.000        0.000       20.840       21.667       21.667
      147.239     -113.574       60.793       45.409       39.510      340.336
        0.747        0.607       -0.272       -0.210       -2.059      -10.376
      247.561       10.822       -1.871       22.933      -83.074      -30.342
        0.646       -0.566        0.513        0.157            0            0
           28            1        0.008           83            0            1            1
       21.727     2367.544        5.902       17.680
    15741.200    15185.049    -5893.428     1230.966      973.866     -434.168
       16.113       41.542       51.547        5.458        0.391
      830.377      172.600      -66.046    15738.919    15182.288    -5891.615
        0.424       -0.155        1.011     2367.544       -0.001
        0.000        0.000       20.840       21.716       21.716
      128.295     -122.764      -55.474       23.121       16.977      338.854
        0.719        0.663       -0.208       -2.565        1.801       -2.425
      -26.679        5.734        0.137       21.433       30.047       49.095
       -0.179        0.465        0.867        0.672            0            0
           29            1        0.008           83            0            1            1
       21.726     2366.099       17.944       17.680
    15739.244    15188.521    -5888.659     1235.993      967.972     -431.083
       24.966       26.056      -68.865       11.515        1.525
      830.375      172.600      -66.045    15739.261    15183.043    -5891.575
        2.522       -3.115       -3.661     2366.099       -0.001
        0.000        0.000       20.840       21.660       21.660
      103.825      -88.203        9.900       27.849       21.939      340.593
        0.814        0.439       -0.379        5.247       -4.590        0.590
       86.969       20.572       -0.147        0.153     -110.349      -85.953
       -0.537        0.324       -0.779       -0.219            0            0
           30            1        0.008           83            0            1            1
       21.732     2354.251       15.047       17.680
    15736.918    15180.900    -5899.862     1227.849      957.131     -440.045
       18.302       31.962     -122.335        4.465        1.265
      830.386      172.600      -66.047    15737.257    15178.490    -5891.836
        2.428       -0.507        7.368     2354.251       -0.001
        0.000        0.000       20.800       21.663       21.663
      172.739     -126.743       98.630       45.442       39.229      339.142
        0.805        0.529       -0.266        4.387       -6.500      -12.367
      145.113       15.986        0.520      -17.664     -157.742     -145.557
        0.003       -0.454       -0.891       -0.593            0            0
           31            1        0.008           83            0            1            1
       21.735     2350.458       19.887       17.680
    15736.119    15178.180    -5896.502     1234.943      944.741     -442.864
       22.152       28.675     -178.222        7.373        6.043
      830.392      172.600      -66.048    15736.255    15176.214    -5891.966
        1.719       -0.644        4.005     2350.458       -0.000
        0.000        0.000       20.840       21.691       21.691
      146.313     -102.003      105.683       50.374       44.344      340.051
        0.813        0.480       -0.331        5.957       -7.591      -10.587
      196.919       19.490       -1.103      -16.825      -87.838      -85.384
        0.433       -0.877       -0.210       -0.391            0            0
           32            1        0.008           83            0            1            1
       21.734     2356.758       14.426       17.640
    15737.404    15177.102    -5900.993     1225.651      960.382     -449.441
       13.035       35.530       73.164        5.806        5.813
      830.390      172.600      -66.047    15736.589    15176.973    -5891.923
        0.812        1.274        8.516     2356.758       -0.000
        0.000        0.000       20.800       21.676       21.676
      183.850     -160.296      -23.582       44.584       38.379      339.380
        0.793        0.581       -0.184       -0.716       -1.411       -9.507
      -46.673       11.699        3.561        6.000       -9.750        5.212
        0.052        0.236        0.970        0.607            0            0
           33            1        0.008           83            0            1            1
       21.730     2362.889        9.943       17.720
    15741.179    15180.681    -5892.062     1226.778      964.842     -461.656
       27.549       42.250      -75.093        7.961        5.750
      830.383      172.600      -66.046    15737.912    15180.012    -5891.740
       -1.309        1.104       -0.336     2362.889       -0.000
        0.000        0.000       20.840       21.705       21.705
      115.520     -128.421     -137.916       36.745       30.571      339.454
        0.656        0.672       -0.342       -2.184        1.229       -3.207
       93.425        8.162       -5.701        6.832       47.363       44.328
       -0.600        0.190       -0.777       -0.457            0            0
           34            1        0.008           83            0            1            1
       21.735     2353.284       16.501       17.720
    15738.613    15177.583    -5899.909     1232.846      954.394     -426.207
       14.659       33.174       73.408        4.718        5.278
      830.392      172.600      -66.048    15736.242    15176.218    -5891.958
        0.381        1.250        7.154     2353.284       -0.001
        0.000        0.000       20.800       21.687       21.687
      110.642      -73.255      102.182       49.955       43.622      338.859
        0.810        0.547       -0.212        3.285       -5.570      -13.127
      -50.250       14.745        2.499        8.530      -23.358        0.742
        0.091        0.239        0.967        0.580            0            0
           35            1        0.008           83            0            1            1
       21.729     2358.756       13.877       17.680
    15737.702    15182.775    -5899.189     1230.848      954.604     -465.188
       15.271       35.298     -237.462        4.465        0.392
      830.381      172.600      -66.046    15738.259    15180.767    -5891.706
        2.341       -0.447        6.869     2358.756       -0.000
        0.000        0.000       20.800       21.660       21.660
      156.740     -137.859      -17.918       44.695       38.653      340.674
        0.787        0.578       -0.215        3.387       -4.373       -5.680
      263.190       11.403        2.398       15.372      -76.307      -27.897
        0.522       -0.439        0.731        0.328            0            0
           36            1        0.008           83            0            1            1
       21.730     2359.984       17.507       17.640
    15737.320    15184.948    -5889.840     1232.563      965.112     -420.267
       31.086       30.751     -150.863       11.719        5.795
      830.383      172.600      -66.046    15737.925    15180.008    -5891.749
        2.709       -3.017       -2.539     2359.984       -0.001
        0.000        0.000       20.800       21.677       21.677
      216.898     -194.617      -51.336       39.407       33.280      338.655
        0.736        0.511       -0.444       -3.303        1.864       -5.717
      161.193       17.362       -8.616      -19.936        0.597      -16.385
        0.131       -0.751       -0.648       -0.664            0            0
           37            1        0.008           83            0            1            1
       21.723     2370.209       13.965       17.640
    15739.385    15189.425    -5891.833     1217.773      987.864     -440.523
       23.599       32.854     -165.724        5.414        5.955
      830.370      172.600      -66.044    15740.280    15185.304    -5891.454
        2.712       -2.459       -0.214     2370.209       -0.000
        0.000        0.000       20.800       21.688       21.688
      124.435     -111.812      -22.417       26.392       19.999      339.673
        0.770        0.542       -0.336       -0.373       -0.471       -3.639
      186.148       14.806       -1.750      -13.508      -19.024      -26.694
        0.383       -0.814       -0.436       -0.511            0            0
           38            1        0.008           83            0            1            1
       21.736     2343.172       19.993       17.680
    15737.458    15176.731    -5895.768     1220.059      950.988     -431.401
       33.484       38.599      -31.518       11.343        0.893
      830.394      172.600      -66.048    15735.921    15175.455    -5892.010
        0.345        0.404        3.162     2343.172       -0.000
        0.000        0.000       20.840       21.713       21.713
      198.669     -126.883      191.802       57.510       51.327      339.549
        0.652        0.624       -0.431       -1.006       -2.540      -18.340
       43.421       13.432      -12.265       -5.792      113.751       97.545
       -0.732        0.666       -0.143        0.198            0            0
           39            1        0.008           83            0            1            1
       21.732     2347.459       20.214       17.680
    15736.162    15181.141    -5896.004     1217.412      954.470     -452.017
       30.884       33.429     -155.287        9.091        5.518
      830.386      172.600      -66.047    15737.257    15178.490    -5891.836
        2.548       -1.436        3.654     2347.459       -0.000
        0.000        0.000       20.780       21.684       21.684
      164.932     -121.201       94.973       60.906       54.459      339.688
        0.716        0.551       -0.428       -3.047       -0.951      -18.589
      169.433       16.932       -9.044        5.640     -127.120     -100.037
        0.215       -0.758       -0.616       -0.664            0            0
           40            1        0.008           83            0            1            1
       21.736     2321.707       25.387       17.640
    15734.213    15177.805    -5898.745     1208.234      925.876     -458.361
       31.677       28.440     -164.242       11.690        5.697
      830.394      172.600      -66.048    15735.938    15175.439    -5892.019
        3.077       -1.283        6.229     2321.707       -0.000
        0.000        0.000       20.840       21.680       21.680
      153.919      -94.602      172.424       69.449       63.565      339.291
        0.748        0.476       -0.462        1.504       -6.699      -28.421
      176.598       22.085       -9.651       -8.038     -115.676     -102.933
        0.247       -0.846       -0.472       -0.615            0            0
           41            1        0.008           83            0            1            1
       21.725     2361.025       16.881       17.720
    15739.471    15186.398    -5892.477     1233.736      963.548     -429.053
       31.108       35.763     -132.294        9.658        5.674
      830.373      172.600      -66.045    15739.612    15183.786    -5891.541
        1.622       -1.377        0.447     2361.025       -0.000
        0.000        0.000       20.840       21.705       21.705
      175.860     -123.800      123.755       34.900       28.750      339.660
        0.695        0.584       -0.419       -2.665        0.315      -10.386
      144.628       13.702       -9.697      -56.546      -21.873      -80.857
       -0.045       -0.546       -0.837       -0.718            0            0
           42            1        0.008           83            0            1            1
       21.727     2349.909       19.089       17.680
    15742.374    15183.783    -5894.615     1253.896      926.260     -443.141
       31.558       35.280      -68.303        9.902        0.397
      830.377      172.600      -66.046    15738.927    15182.284    -5891.619
       -0.620        1.097        2.158     2349.909       -0.001
        0.000        0.000       20.820       21.698       21.698
      181.580     -137.625       96.727       49.674       43.572      339.081
        0.696        0.578       -0.427        0.792       -3.409      -12.775
       80.688       15.240      -10.081      -14.185      136.201      108.640
       -0.668        0.302       -0.680       -0.264            0            0
           43            1        0.008           83            0            1            1
       21.723     2363.233       16.461       17.680
    15741.273    15188.545    -5892.213     1242.308      958.462     -430.381
       24.782       31.996     -128.287        6.233        0.076
      830.370      172.600      -66.044    15740.263    15185.319    -5891.445
        1.265       -1.142        0.084     2363.233       -0.001
        0.000        0.000       20.820       21.708       21.708
      165.624     -123.538       87.967       44.998       38.708      339.812
        0.770        0.530       -0.355        0.739       -2.456       -8.453
      145.123       16.117       -3.307        0.181      -78.089      -70.913
       -0.031       -0.525       -0.850       -0.637            0            0
           44            1        0.008           83            0            1            1
       21.728     2356.588       10.098       17.640
    15736.807    15183.047    -5903.423     1235.918      949.102     -456.421
        7.592       39.555     -247.518       10.715        0.684
      830.379      172.600      -66.046    15738.593    15181.525    -5891.662
        3.277       -0.295       11.237     2356.588       -0.000
        0.000        0.000       20.840       21.639       21.639
      172.800     -153.222      -23.452       37.409       31.866      339.870
        0.764        0.637       -0.102        1.728       -2.002       -1.771
      278.823        5.360        4.847       15.325      -73.768      -15.608
        0.363       -0.295        0.884        0.533            0            0
           45            1        0.008           83            0            1            1
       21.726     2351.680       20.172       17.680
    15734.976    15187.538    -5899.811     1222.482      955.922     -450.931
       17.840       27.883     -199.835        8.626        6.165
      830.375      172.600      -66.045    15739.248    15183.047    -5891.566
        5.688       -3.323        7.743     2351.680       -0.000
        0.000        0.000       20.800       21.646       21.646
       96.316      -65.109       88.967       54.681       48.612      339.415
        0.841        0.468       -0.271        1.316       -4.361      -15.482
      221.247       18.154        1.729       -7.402      -73.292      -43.004
        0.523       -0.831        0.188       -0.137            0            0
           46            1        0.008           83            0            1            1
       21.726     2352.553       19.359       17.680
    15738.546    15187.215    -5899.148     1232.316      945.815     -460.501
        9.085       27.503     -251.314       12.702        5.857
      830.375      172.600      -66.045    15739.253    15183.047    -5891.571
        3.474       -1.551        6.708     2352.553       -0.001
        0.000        0.000       20.800       21.667       21.667
       91.740      -85.989      -29.594       46.746       40.537      339.753
        0.876        0.462       -0.140       10.129       -9.849       -3.537
      280.050       15.585       10.139       -3.377       -3.864        3.296
        0.296       -0.284        0.912        0.381            0            0
           47            1        0.008           83            0            1            1
       21.739     2349.020       17.543       17.680
    15733.143    15176.958    -5898.065     1230.696      950.482     -426.252
       18.365       30.460     -236.622        5.695        5.400
      830.399      172.600      -66.049    15734.911    15173.183    -5892.136
        3.635       -2.130        5.347     2349.020       -0.000
        0.000        0.000       20.860       21.683       21.683
      189.471     -125.414      164.476       39.487       33.591      338.841
        0.818        0.507       -0.272        0.824       -3.773      -15.587
      256.502       16.202        0.082       -6.729      -21.676       -8.790
        0.528       -0.474        0.705        0.228            0            0
           48            1        0.008           83            0            1            1
       21.729     2363.555       14.926       17.640
    15740.723    15181.592    -5894.567     1244.796      957.701     -425.572
       13.522       32.653     -248.935        5.575        5.969
      830.381      172.600      -66.046    15738.259    15180.767    -5891.706
       -0.476        0.940        2.256     2363.555       -0.000
        0.000        0.000       20.800       21.709       21.709
      190.127     -152.838       42.929       36.272       29.800      340.097
        0.819        0.540       -0.197        1.745       -1.833       -1.120
      -86.646       13.847        4.919      -13.918      -45.704      -55.425
        0.407       -0.303        0.862        0.406            0            0
           49            1        0.008           83            0            1            1
       21.731     2357.789       10.342       17.680
    15738.583    15181.144    -5902.600     1228.800      961.972     -436.342
        7.321       39.797     -194.504       10.189        1.588
      830.385      172.600      -66.047    15737.583    15179.253    -5891.789
        1.724        0.718        9.999     2357.789       -0.001
        0.000        0.000       20.800       21.659       21.659
      141.890     -113.984       38.915       44.257       38.189      339.146
        0.762        0.640       -0.098        3.565       -4.851       -7.781
      224.185        6.086        4.981        6.980     -122.926      -77.002
        0.647       -0.744        0.169        0.036            0            0
           50            1        0.008           83            0            1            1
       21.728     2357.122       16.079       17.680
    15739.637    15182.509    -5894.690     1213.024      968.640     -464.442
       33.012       39.834      -58.861        9.960        0.292
      830.379      172.600      -66.046    15738.593    15181.525    -5891.662
        0.404        0.248        2.500     2357.122       -0.000
        0.000        0.000       20.840       21.698       21.698
      112.116     -109.711      -60.806       45.998       39.948      339.492
        0.644        0.641       -0.418       -2.064       -0.869      -12.543
       74.122       12.232      -10.503       90.499       47.614      128.281
       -0.744        0.397       -0.537       -0.178            0            0
           51            1        0.008           83            0            1            1
       21.741     2342.275       20.531       17.680
    15730.663    15176.052    -5897.132     1212.122      954.705     -441.120
       31.329       31.744     -162.316       10.510        5.545
      830.403      172.600      -66.049    15734.251    15171.661    -5892.227
        4.867       -3.361        4.446     2342.275       -0.000
        0.000        0.000       20.840       21.681       21.681
      201.426     -127.764      198.179       53.357       47.327      338.927
        0.726        0.526       -0.442       -4.040       -0.202      -20.243
      176.651       17.908       -9.811      -47.640      -64.956      -77.422
        0.270       -0.810       -0.520       -0.632            0            0
           52            1        0.008           83            0            1            1
       21.732     2356.356       21.084       17.640
    15737.404    15180.959    -5893.427     1238.031      953.781     -426.423
       25.279       27.582     -155.540       10.015        6.177
      830.386      172.600      -66.047    15737.257    15178.490    -5891.836
        1.466       -1.106        1.074     2356.356       -0.000
        0.000        0.000       20.840       21.711       21.711
      200.004     -149.896       90.143       43.116       36.963      339.384
        0.801        0.463       -0.378        2.480       -3.605       -6.533
      171.692       20.723       -3.162       -1.004      -80.670      -71.567
        0.204       -0.807       -0.554       -0.562            0            0
           53            1        0.008           83            0            1            1
       21.743     2341.034       19.385       17.640
    15730.446    15174.248    -5904.840     1205.658      951.775     -470.510
       20.106       30.901     -237.859        5.522        5.451
      830.406      172.600      -66.050    15733.589    15170.138    -5892.318
        5.431       -1.955       11.751     2341.034       -0.001
        0.000        0.000       20.800       21.642       21.642
      174.536     -138.454       42.925       57.794       51.738      338.977
        0.806        0.514       -0.295        1.465       -5.512      -20.124
      260.923       17.688       -0.401        2.336      -69.489      -22.973
        0.548       -0.456        0.701        0.225            0            0
           54            1        0.008           83            0            1            1
       21.729     2352.787       16.310       17.680
    15738.592    15180.164    -5903.571     1234.058      947.554     -448.037
        5.585       33.532       66.683       12.025        5.614
      830.381      172.600      -66.046    15738.259    15180.767    -5891.706
        1.061        1.723       11.376     2352.787       -0.000
        0.000        0.000       20.840       21.639       21.639
      129.987     -106.929       26.996       37.350       31.758      339.151
        0.830        0.552       -0.081        0.842       -2.113       -5.990
      -35.478       10.748        9.339       14.081      -18.778       17.061
       -0.128        0.330        0.935        0.543            0            0
           55            1        0.008           83            0            1            1
       21.734     2341.586       20.430       17.680
    15731.263    15183.842    -5904.840     1210.774      953.487     -447.216
        2.019       24.460     -228.080       19.724        0.004
      830.390      172.600      -66.048    15736.581    15176.977    -5891.919
        7.959       -4.327       12.100     2341.586       -0.001
        0.000        0.000       20.800       21.622       21.622
       20.229      -16.138        7.894       53.061       47.075      339.163
        0.910        0.414       -0.032        9.978      -11.303      -11.935
      259.234       15.375       15.381       -3.033       -3.635       -6.969
        0.303       -0.608        0.734        0.284            0            0
           56            1        0.008           83            0            1            1
       21.730     2359.375       18.904       17.640
    15740.701    15181.834    -5891.990     1240.890      948.405     -456.183
       28.935       31.277      -76.215        8.506        0.822
      830.383      172.600      -66.046    15737.925    15180.008    -5891.749
       -0.452        0.296       -0.499     2359.375       -0.001
        0.000        0.000       20.840       21.726       21.726
      140.780     -151.182     -141.207        0.000        0.000      339.392
        0.748        0.519       -0.414       -0.439        0.032       -1.577
       92.592       18.280       -4.362       -1.670       13.609       12.480
       -0.578        0.204       -0.790       -0.326            0            0
           57            1        0.008           83            0            1            1
       21.728     2355.880       16.920       17.680
    15741.038    15183.247    -5895.225     1238.837      953.469     -421.710
       26.532       35.567      -43.105        6.289        0.939
      830.379      172.600      -66.046    15738.593    15181.525    -5891.662
        0.042        0.589        2.841     2355.880       -0.001
        0.000        0.000       20.800       21.701       21.701
      172.618     -115.393      149.030       47.564       41.098      338.955
        0.728        0.582       -0.363        0.647       -3.065      -12.671
       58.698       14.667       -6.713      -22.216      130.646      106.989
       -0.685        0.594       -0.422       -0.029            0            0
           58            1        0.008           83            0            1            1
       21.727     2366.430       10.728       17.640
    15740.894    15184.217    -5891.204     1233.877      974.168     -413.853
       27.019       40.164      -84.383        7.427        5.961
      830.377      172.600      -66.046    15738.927    15182.284    -5891.619
       -0.032       -0.184       -0.995     2366.430       -0.000
        0.000        0.000       20.800       21.719       21.719
      203.884     -158.437       68.677       36.124       29.659      339.641
        0.681        0.645       -0.347       -2.051        1.093       -3.779
       99.672        9.385       -6.565      -16.271      -15.871      -31.069
       -0.508        0.075       -0.858       -0.527            0            0
           59            1        0.008           83            0            1            1
       21.740     2332.326       23.885       17.720
    15733.417    15177.278    -5898.830     1214.630      939.546     -437.862
       29.007       27.752     -171.266       11.368        5.722
      830.401      172.600      -66.049    15734.585    15172.420    -5892.184
        3.924       -2.228        5.816     2332.326       -0.001
        0.000        0.000       20.840       21.684       21.684
      197.199     -117.239      228.641       53.573       47.513      339.046
        0.774        0.466       -0.429       -0.618       -3.494      -21.975
      184.938       21.715       -7.812      -21.385      -82.833      -82.763
        0.329       -0.875       -0.356       -0.541            0            0
           60            1        0.008           83            0            1            1
       21.726     2352.963       17.411       17.680
    15740.175    15184.807    -5898.347     1227.660      953.640     -448.223
       18.278       33.892     -225.635        2.659        6.058
      830.375      172.600      -66.045    15739.261    15183.043    -5891.575
        1.289        0.260        6.071     2352.963       -0.001
        0.000        0.000       20.800       21.669       21.669
      123.828     -102.672       19.846       52.541       46.320      339.177
        0.788        0.558       -0.260        2.754       -5.504      -14.612
      246.962       14.378        0.214       26.274     -103.984      -51.201
        0.594       -0.580        0.557        0.159            0            0
           61            1        0.008           83            0            1            1
       21.735     2352.000       12.895       17.720
    15735.242    15177.501    -5904.022     1236.078      944.950     -446.628
        8.077       33.896       89.194        9.843        6.025
      830.392      172.600      -66.048    15736.242    15176.218    -5891.958
        2.733        0.201       11.491     2352.000       -0.000
        0.000        0.000       20.840       21.649       21.649
      203.914     -165.292       43.400       43.770       38.080      339.663
        0.822        0.558       -0.117       -3.167        1.566       -6.143
      -58.584       10.951        6.937        1.745       -1.712        3.988
        0.133        0.012        0.991        0.554            0            0
           62            1        0.008           83            0            1            1
       21.733     2351.001       20.520       17.680
    15737.476    15181.908    -5895.174     1243.300      940.326     -431.747
       26.406       27.658     -172.279       10.011        5.786
      830.388      172.600      -66.047    15736.923    15177.731    -5891.879
        2.266       -1.539        2.475     2351.001       -0.001
        0.000        0.000       20.840       21.688       21.688
      159.886     -106.451      144.343       40.012       34.008      339.104
        0.793        0.464       -0.394        2.405       -4.814      -12.950
      187.342       20.338       -5.158      -61.770      -13.816      -68.335
        0.352       -0.878       -0.325       -0.497            0            0
           63            1        0.008           83            0            1            1
       21.734     2353.792       19.992       17.640
    15737.814    15181.396    -5890.833     1235.755      954.232     -417.747
       36.695       32.721     -123.381       15.231        6.017
      830.390      172.600      -66.047    15736.589    15176.973    -5891.923
        1.530       -1.811       -1.870     2353.792       -0.001
        0.000        0.000       20.800       21.701       21.701
      270.448     -198.679      135.333       32.172       25.780      339.356
        0.675        0.541       -0.503       -4.452        1.974      -10.931
      131.808       17.030      -13.089      -29.593      -18.794      -41.021
       -0.261       -0.463       -0.847       -0.691            0            0
           64            1        0.008           83            0            1            1
       21.735     2353.023       19.827       17.680
    15734.290    15179.494    -5897.322     1214.761      967.151     -440.504
       28.062       31.490     -150.202        8.573        5.941
      830.392      172.600      -66.048    15736.247    15176.218    -5891.962
        3.459       -1.990        4.846     2353.023       -0.000
        0.000        0.000       20.840       21.678       21.678
      163.017     -110.467      133.898       44.782       38.873      339.112
        0.752        0.522       -0.401       -3.181        0.516      -11.800
      166.569       18.479       -6.643       -0.036     -126.854     -101.839
        0.166       -0.740       -0.652       -0.637            0            0
           65            1        0.008           83            0            1            1
       21.737     2363.143       16.518       17.680
    15736.445    15176.729    -5895.602     1227.345      972.431     -428.158
       10.271       30.028     -239.648       10.080        6.035
      830.396      172.600      -66.048    15735.579    15174.700    -5892.049
        1.051       -0.292        2.954     2363.143       -0.000
        0.000        0.000       20.860       21.706       21.706
      125.217     -111.502      -21.539       32.426       26.348      339.754
        0.852        0.500       -0.154        1.785       -2.710       -5.201
      -93.440       14.811        8.473       -3.337      -23.900      -19.759
        0.403       -0.437        0.804        0.335            0            0
           66            1        0.008           83            0            1            1
       21.735     2358.290       21.615       17.680
    15735.665    15180.946    -5894.723     1222.428      969.000     -433.560
       24.400       25.496     -191.206       12.008        5.755
      830.392      172.600      -66.048    15736.247    15176.218    -5891.962
        3.091       -2.332        2.005     2358.290       -0.001
        0.000        0.000       20.840       21.695       21.695
      135.386     -100.051       71.409       45.411       39.306      339.327
        0.822        0.430       -0.373        4.365       -5.177       -6.250
      209.609       22.294       -1.621      -12.197      -33.004      -31.597
        0.465       -0.885        0.003       -0.329            0            0
           67            1        0.008           83            0            1            1
       21.743     2347.096       21.009       17.680
    15734.654    15171.468    -5897.057     1223.047      949.631     -448.715
       25.360       30.029     -190.473        7.467        5.500
      830.407      172.600      -66.050    15733.570    15170.147    -5892.305
        0.750        0.299        4.144     2347.096       -0.000
        0.000        0.000       20.840       21.706       21.706
      138.787     -115.853       13.691       56.907       50.674      339.132
        0.782        0.500       -0.371        3.880       -6.014      -12.337
      207.705       19.759       -3.619       -1.864     -108.810      -94.193
        0.523       -0.851       -0.047       -0.339            0            0
           68            1        0.008           83            0            1            1
       21.733     2340.544       18.948       17.680
    15738.625    15179.982    -5896.431     1212.059      949.836     -452.031
       32.473       36.422     -102.483        9.675        6.114
      830.388      172.600      -66.047    15736.923    15177.731    -5891.879
        0.824        0.151        3.752     2340.544       -0.001
        0.000        0.000       20.840       21.701       21.701
      159.147     -109.742      123.674       61.286       55.093      339.051
        0.679        0.594       -0.432       -0.759       -3.507      -21.290
      116.826       15.650      -10.159       28.544      142.805      176.155
       -0.416       -0.174       -0.893       -0.605            0            0
           69            1        0.008           83            0            1            1
       21.735     2345.144       16.082       17.680
    15734.907    15177.427    -5903.577     1211.928      949.133     -480.947
       16.613       35.753     -222.018        4.086        0.739
      830.392      172.600      -66.048    15736.255    15176.214    -5891.966
        2.943        0.160       11.021     2345.144       -0.000
        0.000        0.000       20.800       21.657       21.657
      169.887     -151.196      -33.562       54.280       48.200      340.185
        0.778        0.584       -0.232        2.664       -6.374      -18.059
      248.122       12.237        1.191       18.211     -104.810      -50.242
        0.607       -0.603        0.517        0.162            0            0
           70            1        0.008           83            0            1            1
       21.732     2357.101       15.535       17.680
    15738.956    15179.206    -5896.335     1244.823      948.999     -424.588
       16.765       32.975     -248.411        3.310        5.621
      830.386      172.600      -66.047    15737.257    15178.490    -5891.836
        0.078        0.809        3.946     2357.101       -0.000
        0.000        0.000       20.800       21.699       21.699
      161.563     -113.466      112.726       46.173       39.848      339.559
        0.803        0.544       -0.242        7.604       -7.827       -4.516
      270.421       14.796        1.630       12.679      -70.600      -41.766
        0.460       -0.309        0.833        0.378            0            0
           71            1        0.008           83            0            1            1
       21.738     2356.259       13.946       17.720
    15735.259    15175.040    -5897.487     1224.640      969.251     -410.632
       -3.827       35.614     -264.172       18.039        6.199
      830.397      172.600      -66.049    15735.240    15173.941    -5892.088
        1.255       -0.074        4.977     2356.259       -0.000
        0.000        0.000       20.840       21.687       21.687
      126.283     -124.775      -83.081       34.882       28.785      339.253
        0.811        0.582        0.054        4.105       -1.297       10.223
      -60.069        4.537       14.937        3.710        0.571        7.989
       -0.007       -0.083        0.997        0.585            0            0
           72            1        0.008           83            0            1            1
       21.730     2353.189       15.834       17.680
    15736.354    15183.486    -5900.143     1224.929      955.977     -450.098
       20.275       32.670     -143.531        3.554        0.614
      830.383      172.600      -66.046    15737.925    15180.008    -5891.749
        3.695       -1.532        7.709     2353.189       -0.001
        0.000        0.000       20.800       21.660       21.660
      183.623     -153.993       18.677       50.481       44.456      338.570
        0.790        0.540       -0.292       -0.614       -2.039      -12.512
      164.559       15.532       -1.458       -4.769     -143.790     -115.810
        0.201       -0.677       -0.708       -0.580            0            0
           73            1        0.008           83            0            1            1
       21.722     2355.113       15.523       17.640
    15742.602    15185.413    -5899.409     1254.354      937.858     -422.245
       -0.872       33.255       84.364       16.198        5.962
      830.368      172.600      -66.044    15740.603    15186.072    -5891.405
       -0.359        2.009        7.489     2355.113       -0.000
        0.000        0.000       20.780       21.646       21.646
      169.791     -157.919      -57.892       44.687       38.576      338.710
        0.836        0.548        0.013        4.940       -3.388        4.981
      -52.390        8.673       13.610       -7.423      -10.628       -6.338
       -0.069        0.082        0.994        0.544            0            0
           74            1        0.008           83            0            1            1
       21.727     2365.234        6.762       17.640
    15741.219    15183.188    -5894.304     1228.984      969.920     -445.423
       20.544       43.901       23.134        7.341        0.472
      830.377      172.600      -66.046    15738.927    15182.284    -5891.619
       -0.379        0.822        2.064     2365.234       -0.000
        0.000        0.000       20.840       21.701       21.701
      158.899     -150.602      -68.195       32.472       26.300      340.152
        0.675        0.693       -0.253       -1.070        1.276        1.289
       -1.040        5.531       -3.447        6.363       20.107       30.162
       -0.459        0.663        0.592        0.578            0            0
           75            1        0.008           83            0            1            1
       21.730     2363.657       13.983       17.680
    15737.583    15184.995    -5895.061     1230.472      971.677     -422.092
       19.523       33.411     -156.428        3.380        0.271
      830.383      172.600      -66.046    15737.925    15180.008    -5891.749
        3.136       -2.286        2.512     2363.657       -0.001
        0.000        0.000       20.800       21.694       21.694
      167.181     -117.531      119.221       36.477       30.142      339.097
        0.787        0.551       -0.279       -1.580        0.224       -5.876
      177.694       13.468       -0.434       -3.088      -85.323      -70.630
        0.342       -0.765       -0.546       -0.514            0            0
           76            1        0.008           83            0            1            1
       21.729     2363.953       19.013       17.680
    15737.454    15185.961    -5890.062     1233.981      972.266     -406.148
       30.331       29.023     -152.210       12.790        5.907
      830.381      172.600      -66.046    15738.259    15180.767    -5891.706
        2.984       -3.179       -2.269     2363.953       -0.001
        0.000        0.000       20.840       21.683       21.683
      167.133     -114.714      133.484       37.639       31.607      339.465
        0.755        0.485       -0.442       -2.861        1.195       -7.232
      164.000       19.316       -7.806      -18.396       -8.506      -18.923
        0.135       -0.774       -0.619       -0.642            0            0
           77            1        0.008           83            0            1            1
       21.720     2359.507       10.236       17.680
    15740.865    15189.015    -5898.049     1247.443      941.626     -460.007
       15.137       40.197      -72.146        6.339        4.306
      830.364      172.600      -66.044    15741.265    15187.596    -5891.314
        1.880       -0.227        6.213     2359.507       -0.000
        0.000        0.000       20.780       21.656       21.656
      162.159     -144.090       -3.813       33.986       27.908      339.259
        0.737        0.645       -0.199       -2.397       -0.124      -10.451
       98.062        6.544        0.055       33.981      157.068      165.269
       -0.440        0.234       -0.867       -0.513            0            0
           78            1        0.008           83            0            1            1
       21.728     2364.145        5.689       17.640
    15738.550    15184.746    -5891.681     1228.409      970.697     -437.849
       15.434       39.561        3.240        4.387        5.468
      830.379      172.600      -66.046    15738.610    15181.510    -5891.671
        1.774       -1.729       -0.551     2364.145       -0.000
        0.000        0.000       20.840       21.704       21.704
      179.581     -176.664     -111.539       23.595       17.468      339.875
        0.743        0.637       -0.205       -4.275        4.057        0.496
       21.793        5.958        1.835       17.339      171.160      178.601
       -0.598        0.770        0.224        0.300            0            0
           79            1        0.008           83            0            1            1
       21.726     2360.826       15.506       17.680
    15740.490    15186.462    -5892.735     1248.282      951.072     -423.931
       28.705       34.587     -137.453        8.216        5.654
      830.375      172.600      -66.045    15739.248    15183.047    -5891.566
        1.280       -1.087        0.438     2360.826       -0.001
        0.000        0.000       20.840       21.711       21.711
      216.818     -168.700       82.842       29.153       23.054      339.404
        0.722        0.568       -0.395       -3.172        1.564       -6.695
      151.772       14.252       -7.687      -69.217       -5.295      -76.496
        0.042       -0.607       -0.794       -0.691            0            0
           80            1        0.008           83            0            1            1
       21.745     2344.862       19.403       17.680
    15730.984    15173.658    -5897.758     1195.648      969.029     -457.773
       31.727       33.839     -136.338        9.362        5.886
      830.410      172.600      -66.050    15732.915    15168.626    -5892.401
        4.314       -2.722        4.578     2344.862       -0.001
        0.000        0.000       20.840       21.694       21.694
      179.594     -144.084       34.034       53.945       47.859      339.630
        0.706        0.557       -0.437       -2.172       -1.695      -17.988
      151.733       16.698       -9.428      -26.567      -98.179     -109.651
       -0.020       -0.601       -0.799       -0.707            0            0
           81            1        0.008           83            0            1            1
       21.737     2353.204       22.231       17.680
    15735.384    15177.403    -5890.908     1225.402      965.203     -406.701
       36.586       30.267     -132.376       16.495        6.034
      830.396      172.600      -66.048    15735.579    15174.700    -5892.049
        1.482       -1.670       -1.562     2353.204       -0.000
        0.000        0.000       20.840       21.704       21.704
      195.242     -114.678      225.482       42.890       36.690      339.902
        0.694        0.504       -0.515       -2.533        0.090      -11.814
      141.021       20.062      -12.713      -27.283      -14.953      -34.761
       -0.168       -0.582       -0.796       -0.701            0            0
           82            1        0.008           83            0            1            1
       21.731     2349.806       15.432       17.680
    15739.237    15179.919    -5900.618     1223.257      951.768     -454.689
       19.645       34.369        2.707        1.838        3.523
      830.384      172.600      -66.047    15737.591    15179.249    -5891.792
        0.598        1.403        8.102     2349.806       -0.001
        0.000        0.000       20.840       21.656       21.656
       83.236      -56.613       72.793       50.711       44.951      339.436
        0.777        0.565       -0.277        3.924       -6.818      -15.754
       20.367       14.872       -0.677      -26.193      129.835       69.542
       -0.515        0.824        0.234        0.361            0            0
           83            1        0.008           83            0            1            1
       21.737     2339.004       18.875       17.720
    15732.847    15179.331    -5901.667     1208.406      950.549     -454.115
       24.799       33.684     -205.252        4.361        4.954
      830.396      172.600      -66.048    15735.574    15174.700    -5892.044
        5.059       -2.435        8.869     2339.004       -0.001
        0.000        0.000       20.800       21.667       21.667
      184.478     -134.529      106.669       61.322       55.160      339.729
        0.755        0.555       -0.349       -4.179       -0.612      -22.664
      223.310       15.731       -5.485        6.006      -90.756      -52.275
        0.634       -0.753        0.177       -0.165            0            0
           84            1        0.008           83            0            1            1
       21.729     2356.839       19.409       17.680
    15737.123    15183.433    -5895.076     1223.966      964.106     -440.423
       24.505       30.414     -218.581        7.281        5.062
      830.381      172.600      -66.046    15738.251    15180.771    -5891.702
        2.471       -1.566        2.903     2356.839       -0.000
        0.000        0.000       20.840       21.695       21.695
      125.723      -96.425       55.098       48.131       42.041      338.826
        0.785        0.506       -0.358        2.398       -4.518      -11.623
      236.977       18.054       -3.080       -7.930      -32.040      -24.220
        0.619       -0.674        0.403       -0.037            0            0
           85            1        0.008           83            0            1            1
       21.732     2357.343        9.739       17.680
    15741.497    15176.630    -5894.611     1256.011      938.314     -427.336
       18.165       40.442        7.617        5.196        0.034
      830.386      172.600      -66.047    15737.257    15178.490    -5891.836
       -2.728        3.073        2.286     2357.343       -0.000
        0.000        0.000       20.780       21.691       21.691
      241.869     -206.284       -4.992       45.118       38.732      339.599
        0.723        0.649       -0.237       -0.207       -0.856       -4.831
       12.843        8.418       -0.729       14.587      -15.648        8.789
       -0.570        0.754        0.326        0.391            0            0
           86            1        0.008           83            0            1            1
       21.720     2365.329       10.467       17.680
    15742.271    15190.194    -5894.818     1241.968      956.670     -452.021
       18.955       37.885     -216.027        2.157        2.110
      830.364      172.600      -66.044    15741.265    15187.596    -5891.314
        1.276       -0.510        2.782     2365.329       -0.001
        0.000        0.000       20.800       21.690       21.690
      142.118     -131.326      -34.471       37.782       31.483      339.940
        0.746        0.614       -0.256        1.745       -2.603       -4.356
      237.921        9.473       -0.874       26.836      -85.301      -43.718
        0.661       -0.638        0.395        0.079            0            0
           87            1        0.008           83            0            1            1
       21.761     2351.823       13.662       17.680
    15725.218    15160.432    -5902.111     1197.031      978.016     -454.604
       19.646       36.075      -19.019        1.591        3.421
      830.439      172.600      -66.055    15727.571    15156.485    -5893.096
        4.448       -1.951        8.320     2351.823       -0.001
        0.000        0.000       20.800       21.684       21.684
      182.973     -158.593      -32.727       52.791       46.413      339.161
        0.761        0.589       -0.272       -2.300       -1.022      -14.574
       43.793       12.675       -1.257       -1.698      159.864      123.841
       -0.634        0.764       -0.120        0.137            0            0
           88            1        0.008           83            0            1            1
       21.725     2363.277       17.803       17.680
    15737.067    15188.567    -5894.273     1212.710      979.510     -455.257
       27.581       30.765     -177.776        8.587        5.613
      830.373      172.600      -66.045    15739.595    15183.802    -5891.532
        4.221       -3.246        2.158     2363.277       -0.000
        0.000        0.000       20.840       21.681       21.681
      123.233     -106.098        3.302       40.134       34.067      339.440
        0.762        0.512       -0.398       -1.480       -0.346       -7.682
      196.410       17.740       -4.587       -9.033      -47.201      -43.168
        0.435       -0.859       -0.271       -0.480            0            0
           89            1        0.008           83            0            1            1
       21.728     2353.524       14.329       17.680
    15738.959    15182.282    -5902.238     1222.608      957.226     -455.696
       14.168       37.345     -239.435        5.137        0.712
      830.379      172.600      -66.046    15738.593    15181.525    -5891.662
        1.558        0.973        9.935     2353.524       -0.000
        0.000        0.000       20.800       21.639       21.639
       74.960      -62.884       11.644       44.904       38.964      339.160
        0.771        0.607       -0.195        6.486       -8.952      -14.976
      264.708       10.600        1.604       15.491      -94.850      -38.744
        0.510       -0.404        0.759        0.382            0            0
           90            1        0.008           83            0            1            1
       21.727     2352.424       14.975       17.680
    15740.443    15183.860    -5893.957     1224.352      953.199     -459.490
       31.055       39.873        0.722        9.082        1.211
      830.377      172.600      -66.046    15738.927    15182.284    -5891.619
        0.357        0.090        1.705     2352.424       -0.000
        0.000        0.000       20.840       21.711       21.711
      219.033     -197.666      -52.980       44.471       38.353      338.954
        0.657        0.641       -0.396       -4.753        1.599      -12.864
       14.841       11.072       -9.374       19.264       62.703       73.871
       -0.543        0.767        0.341        0.523            0            0
           91            1        0.008           83            0            1            1
       21.725     2362.402        9.384       17.720
    15740.403    15185.908    -5897.067     1254.175      942.240     -448.107
       13.178       37.157     -267.759        5.557        0.350
      830.374      172.600      -66.045    15739.582    15183.806    -5891.523
        1.386       -0.139        4.853     2362.402       -0.001
        0.000        0.000       20.840       21.667       21.667
      159.032     -141.404      -13.969       32.314       26.516      340.541
        0.776        0.604       -0.182        2.610       -2.349        0.339
      292.568        8.584        2.596       -1.102      -14.029        0.762
        0.251       -0.031        0.968        0.579            0            0
           92            1        0.008           83            0            1            1
       21.731     2351.251       17.634       17.680
    15736.081    15182.729    -5897.915     1212.204      963.890     -453.986
       29.229       34.607      -81.847        7.361        0.470
      830.384      172.600      -66.047    15737.591    15179.249    -5891.792
        3.407       -1.752        5.486     2351.251       -0.000
        0.000        0.000       20.820       21.680       21.680
      164.244     -116.349      109.379       55.706       49.673      339.330
        0.718        0.568       -0.402       -2.139       -1.103      -14.775
       99.251       16.066       -7.878      -16.005     -178.886     -176.297
       -0.554        0.117       -0.825       -0.421            0            0
           93            1        0.008           83            0            1            1
       21.723     2367.083       14.864       17.680
    15740.538    15188.262    -5893.263     1238.442      967.144     -431.025
       24.349       33.220     -130.287        5.300        6.251
      830.370      172.600      -66.044    15740.263    15185.319    -5891.445
        1.646       -1.226        1.218     2367.083       -0.000
        0.000        0.000       20.840       21.699       21.699
      135.139     -111.590       28.871       36.627       30.591      338.781
        0.762        0.548       -0.345        1.489       -2.219       -4.021
      148.852       15.131       -3.416      -14.317      -94.425      -97.809
        0.008       -0.541       -0.841       -0.647            0            0
           94            1        0.008           83            0            1            1
       21.733     2352.757       14.374       17.720
    15738.141    15179.028    -5900.693     1234.020      946.981     -450.479
       14.008       33.992     -165.882        5.272        1.440
      830.388      172.600      -66.047    15736.923    15177.731    -5891.879
        1.143        0.875        8.070     2352.757       -0.001
        0.000        0.000       20.840       21.676       21.676
      155.939     -129.613       20.454       50.070       44.182      339.553
        0.804        0.559       -0.201        4.007       -5.811      -10.064
      190.933       13.180        3.336       -5.140     -137.328     -113.378
        0.467       -0.804       -0.368       -0.367            0            0
           95            1        0.008           83            0            1            1
       21.723     2361.678       12.414       17.640
    15738.112    15189.704    -5898.087     1234.267      962.718     -434.716
       19.072       35.615     -253.368        0.775        5.354
      830.370      172.600      -66.044    15740.263    15185.319    -5891.445
        4.231       -2.493        5.996     2361.678       -0.001
        0.000        0.000       20.800       21.653       21.653
      191.561     -159.547       21.407       40.982       34.956      339.077
        0.768        0.582       -0.266       -0.953       -1.030       -9.171
      274.539       11.642       -1.898       -7.088       17.867        8.376
        0.471       -0.233        0.851        0.434            0            0
           96            1        0.008           83            0            1            1
       21.737     2346.669       14.529       17.680
    15737.042    15175.143    -5898.014     1230.877      945.963     -431.275
       24.490       40.091      -27.400        5.810        0.329
      830.395      172.600      -66.048    15735.587    15174.696    -5892.053
        0.243        1.009        5.414     2346.669       -0.000
        0.000        0.000       20.840       21.694       21.694
      187.428     -114.144      199.093       48.929       42.933      340.076
        0.696        0.644       -0.317        0.476       -3.607      -16.198
       45.181       10.280       -6.736       -5.680      119.994       94.823
       -0.711        0.679       -0.182        0.098            0            0
           97            1        0.008           83            0            1            1
       21.737     2329.135       23.610       17.680
    15737.363    15175.475    -5899.087     1239.898      914.597     -425.515
       22.437       27.719     -197.467        7.778        5.600
      830.395      172.600      -66.048    15735.587    15174.696    -5892.053
        0.375        1.105        6.388     2329.135       -0.001
        0.000        0.000       20.800       21.691       21.691
      207.080     -132.652      201.404       65.934       59.641      339.220
        0.818        0.465       -0.338        6.664       -9.984      -21.402
      213.214       21.366       -2.953        3.222     -118.838      -94.146
        0.525       -0.844        0.108       -0.235            0            0
           98            1        0.008           83            0            1            1
       21.721     2359.543       14.839       17.640
    15742.113    15190.852    -5889.072     1259.568      936.984     -431.866
       19.870       28.580      -71.802        6.602        1.771
      830.366      172.600      -66.044    15740.931    15186.837    -5891.358
        1.234       -1.847       -3.000     2359.543       -0.001
        0.000        0.000       20.800       21.687       21.687
      222.445     -219.774     -137.501       36.983       30.769      338.855
        0.826        0.478       -0.298        1.347        0.666        7.932
       90.353       16.510        2.339        7.023      -92.992      -68.962
       -0.463        0.274       -0.843       -0.321            0            0
           99            1        0.008           83            0            1            1
       21.737     2339.255       18.319       17.680
    15734.901    15177.188    -5899.451     1225.329      937.178     -446.980
       30.549       39.041      -76.563        8.989        6.194
      830.395      172.600      -66.048    15735.587    15174.696    -5892.053
        2.613       -0.792        6.769     2339.255       -0.000
        0.000        0.000       20.840       21.674       21.674
      292.157     -219.476      120.156       42.415       36.614      339.318
        0.669        0.630       -0.395       -5.851        1.963      -17.585
       92.306       12.199      -10.932       18.214      168.425      164.250
       -0.620        0.180       -0.763       -0.409            0            0
          100            1        0.008           83            0            1            1
       21.725     2367.095       14.436       17.640
    15741.532    15186.285    -5890.131     1248.964      961.133     -414.649
       23.547       32.669      -45.345        5.506        1.487
      830.373      172.600      -66.045    15739.601    15183.796    -5891.536
        0.175       -0.597       -2.020     2367.095       -0.001
        0.000        0.000       20.840       21.699       21.699
      161.595     -140.741       -6.022       37.598       31.581      338.736
        0.772        0.540       -0.336        1.576       -1.733       -1.336
       61.871       14.890       -1.778      -10.693      -77.843      -77.055
       -0.632        0.592       -0.501       -0.071            0            0
